           3
         205
        1001
         203
          671762285800
  2.033724302259439E-003
 -0.189827878823781     
  0.184307450690791     
  0.166963598626388     
  0.102383119137656     
 -3.588205559463804E-002
 -3.709495099286291E-002
 -0.108055604145512     
  0.112169285697691     
 -0.427147753084860     
  0.363736375638452     
  5.612807153357176E-002
 -5.011921772311079E-002
  9.085350539311025E-002
 -0.118899292025749     
  0.204932717249129     
 -7.572409152880025E-002
  0.181046135785904     
  0.194563500197113     
  0.135118658317955     
 -4.322918050985884E-003
  0.188458896450573     
 -0.143920832039536     
 -4.065635080453615E-002
 -6.411885242922258E-002
  1.376436811699158E-002
  3.950371858699118E-002
  0.395576208259043     
  3.259828018004240E-002
 -0.196963865149245     
 -8.988208274395193E-002
  0.117418200579317     
  6.662422449808203E-002
 -0.145362363518481     
  2.819162379091399E-002
 -4.944978370529234E-002
 -0.115549423844718     
  9.749792375896205E-002
  0.308746735436918     
 -0.215457281133747     
  2.478284177451443E-002
  0.144574631866598     
 -0.180808097171826     
 -7.999967496257791E-002
 -2.345532849917561E-002
  0.173996270370535     
 -9.925838440960105E-003
  0.258859345825601     
 -0.282582007559409     
 -3.109057285621135E-002
  6.771403654614605E-002
  6.602990758355744E-002
 -4.335735811163644E-002
 -0.140431181678567     
 -0.144627498581639     
 -0.169386841117347     
  3.622681691433614E-002
  0.142273434984270     
  0.321774397250486     
  0.257160994424375     
  0.204036220503169     
 -0.181057167492834     
  3.353058709805761E-002
  6.106644967196950E-002
  1.661620917451614E-003
 -0.158568936165191     
 -9.949819388477846E-002
  5.134255017430315E-003
  5.305654065450373E-002
 -0.269770323344593     
 -0.101551970871424     
  0.420584326445489     
 -8.623870335996410E-002
 -0.137844392536775     
  7.068759685513730E-002
 -0.295461224046901     
  0.130633121929124     
 -5.847031428886355E-002
  0.204321118790189     
  0.187253358298362     
 -0.172134941562841     
  1.915372937748547E-002
 -0.165465162834213     
  0.166096073741044     
  6.179480091273183E-002
  0.118591039748308     
  0.285271520393212     
  1.671667724024396E-003
  0.102260797160472     
  0.253596900992377     
  0.256906415655516     
 -7.927889846505584E-002
  2.952847530963111E-003
 -0.202217454251376     
  2.052025711715218E-002
  0.109235626627828     
 -0.165226589178343     
 -0.117344804938158     
 -0.199087606790730     
  7.489233544421266E-002
  0.119113264400334     
  2.517729578046421E-002
 -0.230063040571958     
 -1.546259264302707E-002
  0.129027275266288     
  0.124826848921007     
  6.109542286834042E-002
 -0.256562663620009     
  9.402876424100511E-002
  0.224675052429104     
 -0.148512747709198     
  0.177788515747130     
  0.136949314041900     
  0.190864438182174     
  7.989323101015422E-002
 -0.344177434554301     
  0.110970628744871     
 -6.710978989329276E-003
  0.208247659907482     
 -6.996002581076252E-002
 -0.101937061988839     
 -0.135327401989281     
 -0.308911677948806     
 -8.494919647682778E-002
 -9.494306752175490E-003
  1.166181201651529E-002
 -9.469563511731119E-002
  0.128154069077055     
  0.446702962205817     
  0.100635069359123     
 -0.167301927020505     
  0.378364648463326     
 -0.225162600581792     
 -6.967949448389545E-002
 -1.690650384302697E-002
 -7.611924457314129E-002
  0.115179677850242     
 -0.129729777234622     
  0.166249052359854     
  0.174539077297010     
  0.181267096201771     
  0.102389387844427     
 -1.196335550778845E-002
 -5.737080736856092E-002
 -9.249713888683837E-002
  0.186835138394673     
  6.897884286588860E-002
  0.231429200242398     
 -0.129071257482743     
  1.982725160064121E-002
  0.457616265815692     
  0.237384361416840     
  0.132761372545484     
  6.872187613108290E-002
  0.143726930709818     
  1.375651947936890E-002
 -0.157347590784613     
 -7.060243433327805E-002
 -0.190631605481250     
 -8.111831771072155E-002
  0.166767215885435     
 -1.685244498535438E-002
 -1.098078003185979E-002
  1.959751619109682E-002
  1.157955949271594E-002
 -0.160699904388325     
  0.265423808194434     
 -0.177196727805597     
 -8.045531569620210E-002
 -9.031205695772407E-003
  8.991022636212904E-002
 -0.180962956193954     
  9.751997060871156E-002
  8.128838876352085E-002
 -0.341203898913689     
  0.173407406624310     
 -7.910168168332311E-002
  7.026944137843533E-002
 -6.672883626979213E-002
 -6.533370151450429E-002
 -7.852646239011871E-002
 -3.688533604467764E-003
 -0.146460008008105     
  0.132176212062863     
  5.262680317740454E-002
  0.273229385930813     
 -0.369023728035942     
  0.281448211713964     
  3.014245519930203E-002
  9.661676887874443E-003
  0.319360376039353     
  3.468783063988950E-002
 -0.268436840163962     
  7.358807975119915E-002
  0.185526928653864     
 -0.355671498273566     
  0.166153884199495     
  0.284016871413005     
  0.122416174363010     
 -0.247088880915211     
  0.173101370491251     
  3.665266837360691E-002
  0.182014129561289     
 -0.332645468596142     
 -0.191274096042702     
 -9.002324906191858E-002
  8.086912076800559E-002
 -0.125493335234045     
 -7.390873789016740E-002
 -3.851347988617115E-003
  7.281454348635807E-002
  0.127225656372610     
  8.354772995380579E-002
  0.169426605304052     
 -8.589601090731062E-002
  6.929926135884569E-002
 -0.124912369006569     
 -7.098704113159531E-003
  0.119909299517774     
  0.154865490329825     
  0.183430553484845     
  0.322076502078800     
 -3.424741358288070E-003
  7.667228710382569E-002
 -8.584646334099516E-002
 -0.224797338314710     
  2.621619907808335E-002
  0.248728232708955     
 -2.226753528317394E-002
  0.131169892915759     
 -5.809178262118842E-002
 -0.388545035074397     
 -0.148485150580279     
  4.692744282781513E-003
 -0.215982010258171     
 -4.397805508541763E-002
  0.208660064395367     
 -0.190110408842709     
 -4.524281072918136E-002
 -0.261437398598055     
 -1.301808207872959E-003
  0.211821934564465     
 -0.166116049201522     
 -9.015343195709628E-002
  0.200691422406691     
 -9.196168164327387E-002
 -8.833534941929877E-002
 -0.145767245304472     
 -0.268077226907750     
 -0.182096009252820     
  7.738749800060288E-002
  0.158593062250766     
 -9.884302056797022E-002
  1.273021524207639E-002
 -0.234486439896615     
 -0.224121409142950     
  0.141440847790736     
  9.650782682283433E-002
  0.226470508219709     
 -0.175130239920452     
 -0.124659041544936     
  0.198074573638489     
  0.317096178017853     
  0.100839036573818     
 -0.285002099631448     
 -6.819162158178173E-002
 -7.070588521523281E-002
  7.180740803536470E-002
  1.227803371519840E-002
  0.196327007234537     
  3.490961833090341E-002
  3.552115534390568E-002
 -0.152041902100454     
  9.573777467269537E-002
  0.110415373279104     
  0.145894448110920     
 -8.795412869749888E-002
  0.127764733439802     
  0.328345263417185     
  0.146381462449015     
  0.162634907357961     
 -0.142714199529585     
  4.316578093387816E-002
  6.438547622589641E-002
 -0.508617579069245     
  8.987191958070465E-002
  5.905711169510147E-002
 -0.194811770685683     
  1.539543754885190E-002
  0.395636968726737     
 -0.100972653383705     
  5.541248351202319E-002
  0.308173639302893     
  3.187809015416743E-002
  6.070061846875862E-002
  0.129096721083063     
 -5.139593322651511E-002
  5.761134560767659E-002
 -5.459167510851933E-002
 -7.755815658939733E-002
 -0.276220911522166     
  0.266064914062481     
 -1.166637491860977E-002
  0.212138453237666     
 -7.403246644280873E-002
 -0.195222465876139     
  9.240225576161346E-002
  1.936360113490222E-003
  5.255961380305565E-002
 -0.130429387131836     
 -0.245895298657230     
  0.231169145842906     
 -3.376339268181745E-002
  2.589417649119124E-003
  3.391525429805770E-002
  0.146142127920962     
  9.409246472247683E-002
 -2.875747587305733E-002
 -9.896076825930525E-002
 -4.337879794394205E-002
 -3.487142463246403E-004
 -9.051211225715870E-002
 -0.117832354324711     
 -0.179917593898180     
 -8.305579584145346E-002
  1.349712368576634E-002
 -8.689216861399995E-002
 -0.264751020600436     
  0.496052358531575     
  0.117669270472320     
 -8.748271083912447E-003
  0.263607968625945     
 -0.133204483203574     
 -0.163785636236720     
 -0.338396167965031     
 -7.712250053991802E-003
 -4.503718648627007E-002
 -0.207455726393032     
 -0.248192264774864     
  0.218789957188564     
  0.146922317656214     
  4.998599817055975E-002
  0.195105538341779     
 -0.162638814001011     
  7.014922204299789E-002
 -0.161486296670088     
 -0.237558031170778     
 -7.792032437659360E-003
  7.817550735382855E-002
 -0.155218196853639     
 -2.329560095697340E-002
 -2.817869542937142E-002
 -0.257792047171016     
  0.115646909267729     
  0.117779217539282     
  0.158734588494648     
 -0.206663509947484     
 -0.130055301626974     
  0.144443516321998     
  0.163933294524373     
  0.165156952095859     
 -0.152767537411759     
  0.244607327769151     
 -6.651400050183079E-002
  0.116902395911436     
  0.301305376354255     
 -4.683792475696657E-002
  5.782992530466565E-002
  4.352243177279994E-002
 -3.605890140350120E-002
 -6.801878967592606E-002
  6.898253635167929E-003
 -0.202700609743729     
 -0.247081937690565     
  1.524593054680690E-002
 -5.808680636918298E-003
  0.231777356520748     
 -0.156529314294900     
 -0.108888235894174     
 -0.312732192956955     
 -0.127041659285480     
  2.685599131312357E-002
  4.203096335580867E-004
  0.244403362915840     
  0.409777538570402     
 -0.151988317985227     
 -0.214933021350213     
 -0.123369129511877     
 -0.155251431073879     
  0.212105318422039     
  9.376841445090539E-002
  8.475889284686075E-002
  9.221259726434387E-003
  7.189445663364896E-002
  0.273100905100844     
 -8.289098147308006E-002
  0.109201888147152     
  0.292870990990020     
 -7.144459265336306E-002
 -0.129374939205594     
 -5.984495647411438E-002
  4.559484292149727E-002
 -0.133145979176524     
  0.248195507744107     
 -0.225842802188552     
 -0.158953230422421     
 -4.179284966021185E-002
  0.197575246268039     
 -0.176259673457388     
  6.942288597454675E-002
 -0.287531581535598     
  0.101918920683557     
 -0.128213578855563     
  0.239093694797113     
  4.966249211886900E-002
  0.241927657970687     
 -0.207824474488782     
 -0.215822350358376     
  0.202761507985783     
 -0.143770174324412     
  0.167705333044563     
 -0.417946384980900     
  0.110484465064129     
  0.140577138462990     
  0.184174218779372     
 -4.377805894978054E-003
 -1.864679987516659E-002
  5.418241878309212E-002
  0.188272944848475     
  9.826376730705641E-002
 -5.519472320595603E-002
  3.937666722842642E-003
 -3.607972896461497E-002
  0.334022471165662     
  0.215966495271837     
  4.042461086510330E-002
 -1.435105758357333E-002
  0.120111553844921     
 -0.262665673838995     
  0.250557736823498     
  0.130538857127116     
  3.005785864930287E-002
 -5.829769748936374E-002
  1.589355602710292E-002
  0.287552171719235     
 -0.124763589216244     
 -3.604812575094469E-002
 -0.132704875787498     
 -0.163514163660825     
  5.923325173781637E-002
  0.256984010673675     
 -3.812552194243450E-002
 -0.164427256445542     
 -4.589559555265023E-002
  2.025276575165975E-003
  3.734104326298637E-002
 -0.155713941723011     
  0.137809162685279     
 -0.117568851341674     
 -0.239863996548793     
  1.888199462077891E-002
 -0.138893398090175     
  1.259848588411494E-002
  0.232448402613207     
  0.224424047007047     
 -0.328444411043641     
  0.174938675031914     
 -0.105193688631404     
 -9.547223901137862E-002
  9.875327496971951E-003
  3.227087069230270E-003
  7.867564976894335E-002
 -0.189283632167905     
 -8.977477461564219E-004
 -9.383330753490234E-003
 -0.160024600145782     
 -0.223780232969751     
 -0.243661691656500     
 -7.508676907172204E-002
 -8.763141603901087E-002
 -8.738187812886568E-002
 -0.194981948681495     
  1.421040921833726E-002
  0.142162867661311     
 -5.447666633953551E-003
 -5.874232093864593E-002
  5.243925049795142E-002
  0.308474576119139     
 -0.226542517689497     
  0.339457770111131     
  8.965007741038929E-002
  6.892944224748443E-002
 -0.258128522266159     
 -0.138469413885060     
 -0.205563099573752     
  4.686329631086786E-003
 -0.169580761728545     
  0.232417382748620     
 -3.237618031635884E-002
 -0.170764949028169     
 -0.168609895254738     
  0.167933120125445     
 -0.235387501288495     
  5.208464237891208E-002
  0.160145679478543     
  0.221734559869041     
 -0.162402818484544     
  3.399174617139861E-002
 -0.104877091276731     
  0.213368957718366     
 -0.112296474809110     
 -0.108487732950274     
  0.154459324699295     
 -6.849578093292314E-003
  2.828208184534508E-002
  0.128345483654476     
 -0.256704395895362     
 -0.183774887853862     
  0.120414906112375     
  0.221761732642826     
 -6.710422331222046E-002
  0.488517542089883     
 -8.788392333225103E-002
 -7.313077738024353E-002
 -6.187455490991878E-002
 -0.188713327503470     
 -7.086744384716941E-002
 -5.912777466971495E-002
  0.198013726953161     
 -0.143109001833070     
 -1.505333666229168E-003
  4.094194221268792E-002
  0.234114715522298     
 -8.635943427116530E-002
 -0.327885105449274     
  0.186780116007100     
 -0.110108554405363     
 -4.434305756194546E-003
  6.282448050068051E-002
 -0.161793434522706     
 -9.135673841625891E-002
 -0.171688557208512     
  0.299041391746228     
 -3.280366427612233E-002
 -4.864016358950325E-002
 -0.111434417818266     
  0.209395373209115     
  0.157223231024898     
  8.852694588858409E-002
 -0.289832247727530     
  0.141545513056841     
 -0.139313334264978     
 -0.201782564497545     
  1.855718651879870E-003
 -2.637346639464425E-002
  5.667247620983359E-002
 -0.501591670695757     
  4.898893347312009E-002
 -0.177437651494422     
 -4.447508802277578E-002
 -0.153194990948709     
 -8.333558465423370E-002
 -1.677516326051129E-002
 -0.113426602237592     
 -0.288179245986500     
  0.213631633959038     
  9.422033879884719E-003
  2.107597418886453E-002
  4.576125212903532E-002
 -3.293642571166534E-002
  0.230720673639347     
  0.151779279869921     
  6.550771496437571E-002
 -0.133219410028411     
  0.167081005563517     
  0.174886456160864     
  4.673920458825671E-002
  3.858031965659923E-002
 -1.226313608124811E-002
 -3.337705178632578E-002
  8.942375650581320E-002
 -0.116442913322339     
  8.507215146582034E-002
  2.774089947494772E-002
  0.199411705002500     
  0.195184550321950     
  0.307850166839176     
  6.054065994466517E-002
 -0.135809766013546     
  7.631715796649988E-002
  5.442665700915249E-002
 -7.710977644918891E-002
  6.250250864892873E-002
  0.116909807705889     
 -0.106378210334932     
  1.515417042474050E-002
 -8.094610473089740E-002
 -5.717113426300742E-002
  0.128710463242648     
  0.167009849540054     
 -5.713942039579779E-002
  6.214408367543489E-002
 -0.138821367957658     
  7.388910965085911E-002
 -0.120300185384490     
  0.254381004667948     
 -0.153559488053964     
 -6.085187670081194E-002
 -0.163610196397481     
  0.197918291990543     
 -9.777148702698761E-003
 -0.187151344059462     
 -3.965321587750467E-002
  0.154610242441292     
 -4.033478622385321E-002
 -0.269046715560046     
 -0.198163276312222     
 -1.499145957359150E-002
  0.100737767094404     
 -7.041830832033862E-002
 -2.479876842331119E-002
  0.118357172935847     
 -0.105281686138211     
 -6.929005765640744E-002
  3.740412697088906E-002
  0.137765499013821     
  1.277525129785124E-002
  3.725161559414031E-002
 -3.786274402675871E-002
 -9.774012861121463E-002
  0.108719587720063     
 -0.101164386835399     
 -0.141400302378476     
 -0.124476131726198     
 -0.152271700208197     
 -0.106824405022900     
  3.985135924846491E-002
 -0.125619734288621     
  5.555628783606478E-002
 -0.129972061505993     
  0.105503026062459     
  0.119424192574882     
 -0.237770143331457     
 -3.139949341347706E-002
 -6.054607497439651E-002
 -8.288714990896665E-002
  3.547086783558366E-002
  0.116425721352101     
  1.793897639254302E-002
 -4.194122256989800E-002
  0.199479705264629     
  8.085024607702249E-002
 -0.160832285518561     
 -2.858731050251839E-002
 -1.395125412016925E-004
 -0.175073072334685     
  0.267703786174490     
  0.144114486453902     
 -2.303192762347389E-002
 -0.157090975916488     
 -0.111142394870554     
 -0.105947997185475     
  0.199277844597264     
 -0.178370457638765     
  0.109143675538222     
  9.674621300265657E-002
  0.183688771786854     
 -7.460816481793892E-002
 -8.664873231100946E-002
  3.716508698703884E-002
  0.103449272972413     
  2.778102892050848E-002
 -5.803261919576310E-002
  9.594346479392378E-002
  0.149538292332586     
  0.100431739193941     
  4.466585240201495E-002
  5.354664508931135E-002
 -1.420704793463308E-003
 -0.366311042785843     
 -0.118029627538703     
  0.122253611974704     
 -4.230125882053192E-002
  1.581726596380570E-002
 -2.414439415509656E-002
  3.848328725924566E-002
  0.117857381649980     
  0.207385928665070     
 -0.134058535849566     
  2.665091674039308E-002
 -0.129346320782806     
  2.243715722054502E-002
 -8.827867966379004E-003
 -0.241626747239622     
  6.479351159523346E-002
 -0.133240096414381     
 -0.120771682968651     
  7.771493592402660E-002
 -0.129977147390715     
  0.173339858864562     
 -1.603300820818848E-002
 -5.768103419535110E-002
 -5.447120293790571E-002
 -7.459728471720305E-002
  5.285490847686414E-002
  8.022323493264055E-002
  9.308995538649896E-002
 -1.121143182157879E-002
  0.103042136763344     
  0.115447551739769     
 -0.118147017140609     
 -6.926617694230128E-002
  6.686574152555448E-002
  6.759239251405289E-003
  4.100414905855804E-002
 -0.177864005913446     
  0.184467728950477     
 -0.182042512793009     
 -3.101505574710456E-002
  0.138701437425195     
 -7.193830580798014E-002
  0.123387632369323     
 -0.195675499478678     
 -1.526404298587511E-002
  6.618499570029321E-002
 -0.204887585562497     
  8.659676119153501E-003
 -5.202491527219309E-002
  3.458648272691477E-002
  7.747945121055369E-002
  3.068296413700017E-002
 -0.111316275190675     
  0.107970127224811     
 -0.114009813711461     
  0.198021239417993     
 -8.731452234245991E-002
 -0.115623591441639     
 -6.650631264922210E-003
 -0.143302852655561     
 -1.905098769996861E-002
 -0.186688376644280     
  0.130065143855061     
  0.201001412663960     
 -0.128717052771671     
  6.512157287767681E-002
  0.206434161513268     
 -0.130460608631795     
 -0.126474904023390     
 -5.631263046933141E-002
  5.905379350506403E-002
  5.494025349130793E-002
  5.641393367708169E-002
  0.153582676400178     
 -2.853073110333534E-002
 -2.972635615260677E-002
  9.190940556664451E-002
  0.228715885591843     
  0.103543305692889     
  0.141207813697115     
 -0.182220028605166     
  6.939809980826264E-002
  0.206745416604813     
  3.109074270164658E-002
  0.115034233533497     
  6.181045253599613E-002
  9.978754959094718E-002
 -1.318099011018039E-003
  9.898484145584370E-002
 -0.107692621736419     
  5.392579107097481E-002
 -0.133069176453899     
  2.752466548325175E-002
 -0.173450667969807     
  2.644072548771350E-002
 -0.106979467969332     
 -0.106901682995625     
  8.288992025255461E-002
  7.980144296505917E-002
 -7.453982941051414E-002
 -3.185788026023449E-002
  3.121191815535749E-002
 -0.203665078976893     
 -0.128094388261613     
 -2.544450262403795E-002
 -2.495415727180869E-002
  6.118780745619407E-003
 -2.483132664452125E-002
  6.980754691566421E-002
 -0.135721353541223     
 -7.798058510596395E-002
 -0.195717528174865     
 -0.159654479995244     
 -8.111660740587137E-002
  5.182609370169543E-002
  8.916854306152988E-002
 -2.404209118372688E-003
 -1.764971948318730E-002
  5.385487947343009E-002
  0.162056129228782     
 -0.116293487732827     
 -0.132939522917801     
 -0.101677791203707     
 -0.106853972277712     
  8.439933030546543E-002
 -0.102097995046350     
 -8.108941260787342E-002
 -0.141158020626078     
  5.951776008847558E-002
 -7.892819377943219E-003
  0.185097812187116     
  0.236434220855761     
  7.824729857575800E-002
 -3.010378252025655E-002
 -0.169097596948880     
  9.268442867024969E-002
  8.835524054206402E-002
 -2.547503111192282E-003
 -0.116986234500421     
 -0.228971318712729     
 -0.181358138294673     
  3.414951613540464E-002
 -6.993293606512625E-002
  0.124140628957544     
 -1.710995506327724E-002
 -2.759423140165476E-002
 -0.101876800541320     
 -5.630590948176445E-002
 -0.294447103383077     
 -2.373853740064443E-002
 -0.110931541278897     
 -8.244959012211442E-002
  4.725460958983187E-002
  7.851729515210304E-002
  4.828080386332131E-002
 -3.973718842405064E-002
 -0.147483092501514     
  7.844096630609929E-002
 -1.661935347749021E-002
 -0.151200385126009     
  9.349870140042507E-002
  5.376167545344646E-002
  1.968266445302709E-002
 -0.152443754567169     
 -0.125141690875115     
 -3.811598154676681E-002
  8.303088119428829E-002
 -7.751541989025257E-002
 -0.182529876625988     
 -0.143092347343902     
 -1.116253602185932E-002
  9.409014156948071E-003
  0.313008360568778     
 -0.126465333008838     
 -6.531666976051891E-002
 -1.375379588589207E-002
  2.808473583337194E-002
  7.697309269090738E-002
  1.197272376902137E-002
 -0.105805356660729     
  3.043857086014046E-002
  0.117854005715153     
  0.104283729574184     
  4.837692227134634E-003
  9.986527876844911E-002
 -9.853603199068957E-002
  0.101099854168654     
  8.195873688325794E-002
 -0.116586467668814     
 -3.990202561536386E-002
 -8.959335104112479E-002
  0.163253438503165     
  9.107316828590756E-002
 -0.213444760992914     
  0.156735857042749     
  0.179662076375155     
 -2.868668751648847E-002
  8.847080849719639E-002
  2.479309916892529E-002
  0.128275177474625     
  9.482129189273189E-004
  0.136510981202921     
  0.110090344736387     
  5.170318341816546E-002
  0.154238790823726     
  0.215186704504085     
 -6.519173402724661E-003
 -2.012713332178929E-002
 -6.111465628027047E-002
  9.128648118883609E-002
  4.661712057407062E-002
  6.460354543270032E-002
  2.914883914378218E-002
 -0.174085548087339     
 -4.460693300000301E-002
  9.010450337499139E-002
 -5.525528449285960E-002
  0.113304978745796     
 -0.157746173502270     
 -7.416943302881610E-002
 -2.680830044965579E-002
 -2.431508499909816E-002
  0.198511349028809     
  6.435739054596697E-003
  0.198492991611501     
  0.221807858260543     
 -0.115332114618439     
 -0.168588898933500     
 -0.131174567482500     
 -1.100361381311029E-002
  1.524780092324166E-002
  7.369932150202348E-002
 -0.175802968336095     
  1.698089166465154E-002
  0.224251524905523     
  7.639677682670661E-003
  0.144250337565491     
  0.137286124295910     
 -0.121217227227916     
  2.883125332612737E-002
 -2.760309993538305E-002
 -3.492453284912868E-003
  0.136439423186733     
 -0.203420314815150     
  2.439602220498712E-002
  9.357667690798137E-002
  5.179707482234993E-002
 -1.276183915690648E-003
  0.224393392349385     
  8.302535534437841E-002
  0.112114918640559     
  5.276110422902705E-002
  0.213975563380842     
 -5.275786478872946E-002
  0.225123133948243     
 -0.246397077908339     
 -1.962604884033328E-002
  3.521322416745581E-002
  2.444804148115316E-002
 -8.011832668974217E-002
  0.253725768772661     
  0.285865596448009     
  0.108188256666722     
  9.833962919239199E-002
  4.705348324261336E-002
  0.106114364324780     
  0.109566925705662     
 -3.150054197156719E-002
 -0.139665382601121     
 -9.828442821272419E-002
 -3.272824791728419E-002
  1.894916775769103E-002
  9.540182193711916E-002
 -3.719375537377931E-002
 -6.067943531612508E-002
 -5.671721875184520E-002
  0.205903222278125     
  0.209600899934937     
  3.675827656340320E-002
  0.230749500733889     
  9.637647770793009E-002
 -3.809896583837773E-002
 -0.110306703800283     
 -0.172669418408154     
  1.982084111371893E-002
  0.126637474154374     
  7.335488561055128E-002
  0.172392503546517     
 -0.144665041984463     
 -2.355097917784326E-002
  0.192604731548468     
 -6.371680704379326E-002
 -3.914572427069104E-002
  1.046695569108095E-002
 -5.088803188674313E-002
 -4.552837241999402E-003
 -0.102720495843628     
  2.326634447377622E-002
 -1.295624418831606E-003
  2.195174090189519E-002
 -0.164495081950107     
  4.455786494458532E-002
 -0.210561273336567     
 -4.143039142774899E-002
 -7.534575565829139E-002
  4.544719894927716E-002
 -0.309425958058848     
  4.699171697306950E-002
  0.103337982698330     
 -2.097327013784058E-002
 -1.421433641927943E-002
  3.204133981899946E-002
  2.500282315637452E-002
  1.077979421118853E-002
  6.126009565675746E-002
  2.974951434252986E-002
 -4.833259220773767E-002
  8.242321491957702E-002
  6.306125066859636E-002
  5.592613008661506E-002
  4.075086187120072E-002
  4.265902964095466E-002
  0.252265289506278     
  0.128132420534067     
 -2.725101456625953E-002
  0.140947908927606     
 -5.663475948103616E-002
 -9.530613575947784E-002
 -0.119683739129203     
  0.237770917792407     
  6.769789196266825E-002
 -0.150510752403763     
  8.650985967664293E-002
  0.198387517227045     
  9.879746940900833E-002
 -0.115316373769399     
 -0.146521417583582     
 -5.227305227329168E-002
  2.609447554998669E-002
  0.256951792721996     
  5.788828561334537E-002
  8.150834535997269E-002
 -3.591110609801564E-002
  8.826935393138656E-003
  1.155053787407803E-002
  0.297018456603524     
 -0.122940742805356     
  0.147555920340506     
 -3.543724246701447E-002
 -0.144209150726879     
 -8.342716272802117E-002
 -2.622234632719608E-002
 -0.120530190572123     
 -0.152661130777296     
 -9.541274700594625E-002
 -5.041838622956166E-002
  8.838606609675838E-002
 -4.114697492840085E-002
  0.291307951739315     
  5.583980037097954E-003
  0.126616514175052     
  6.475826834764625E-002
 -0.132853926833230     
 -0.247368407196390     
 -1.988408721525733E-002
  0.141380410578644     
  0.166051574844747     
  0.117941632969057     
  0.139869606070560     
  1.295413078572387E-002
 -9.768471679816368E-002
 -5.820651050976514E-002
 -8.076445415789933E-002
 -8.538821106146227E-002
  1.622641832910129E-002
  3.450804282043420E-002
  0.271550474855073     
 -0.149069401049340     
 -1.051257701954785E-002
  0.125818485818055     
 -0.113595576905105     
  5.753190556684723E-002
 -3.395747060741551E-002
 -0.128471386614267     
  0.101174303647787     
  0.101445984715844     
  5.986800789783289E-002
 -0.125622956198977     
 -8.025879187867098E-003
  0.105729149160124     
  1.177898442993265E-002
 -0.248191727834035     
  4.955311327791220E-002
  0.202352565952840     
  1.485399210126328E-002
 -4.721399998403114E-002
  1.402001765879301E-002
 -0.150971340957361     
 -0.200827377653141     
 -3.285842563463282E-002
 -4.720356025069062E-002
  0.206669853120242     
  3.668919746783804E-002
 -2.866496710280832E-002
  5.166618797544619E-003
 -0.171809401990043     
 -0.242497013354878     
 -5.894290937588090E-002
  6.654490764279661E-002
 -0.118566412717145     
 -4.994435718605237E-002
 -7.816681644806282E-002
 -6.586896835429792E-002
 -0.267153390409929     
 -0.127916692387271     
  2.943164529284949E-003
 -3.662730516270318E-002
 -8.854047881535618E-002
 -0.173691992472279     
  5.157032150362552E-002
  4.027022314900907E-003
  3.199294437302583E-002
 -9.264633075898328E-002
 -2.042694319819194E-002
  1.079787635366046E-002
 -0.294356807055808     
 -0.163089247575620     
 -0.119998807934282     
 -8.229290220866861E-002
  0.119776700834007     
 -0.226457530039303     
 -2.801548235119921E-002
 -5.800774665269975E-002
 -4.043100019847373E-002
 -6.946727715050385E-002
 -1.333759475626923E-002
 -4.398873601552372E-002
 -8.582174137102626E-002
  4.786757543927830E-002
 -0.106252225893614     
 -0.121150560228680     
 -3.837089104777090E-002
 -8.599467073958615E-002
 -0.165350483936805     
  0.199023298407175     
 -0.145914869259056     
 -3.680660314426152E-002
 -1.551438333689164E-002
 -4.058443254934955E-002
  9.186677146879005E-002
 -3.026873881776160E-002
  0.123690719240956     
  8.637181183298262E-002
  3.380416737130652E-003
  6.502948472153688E-002
  9.845273905296839E-002
  5.131995801071019E-002
 -1.860535176253443E-003
  7.401535338570236E-002
  3.141042825767714E-002
 -7.915451600234140E-002
  0.141778995269337     
 -0.122825197103890     
 -0.311832692607796     
  9.461605345419340E-002
 -1.926372970133441E-002
 -0.108414112070692     
  0.146284935578868     
  0.159661128166066     
 -0.140201987957026     
  3.747000874734418E-002
  0.187670117814998     
  0.130607133765610     
